,date,race,horse_name,lbw,race_win_div_pred,win_div_3,wager,return,win_count,profit_loss,acc_profit_loss,total_wager_count,winning_wager_count
16,2019-01-01,2,FOREVER WIN,-8.3,7.249999999999999,11,-5,0.5,0,-4.5,-4.5,0,0
63,2019-01-01,6,HAPPY SAGA,-7.4,12.0625,19,-5,0.5,0,-4.5,-9.0,1,0
67,2019-01-01,7,LETITGO,0.0,12.999999999999998,24,-5,24.0,1,19.0,10.0,2,1
115,2019-01-06,1,FULL LUCK,-4.1,8.6875,12,-5,0.5,0,-4.5,5.5,3,1
221,2019-01-11,2,GOLD STAR,0.0,9.625000000000002,11,-5,11.0,1,6.0,11.5,4,2
239,2019-01-11,3,ANCIENT WARRIOR,-3.9,10.125,23,-5,0.5,0,-4.5,7.0,5,2
273,2019-01-11,6,ATHLETICA,-5.9,5.9375,17,-5,0.5,0,-4.5,2.5,6,2
282,2019-01-11,7,HELIOSPHERE,-0.7,7.9375,10,-5,0.5,0,-4.5,-2.0,7,2
308,2019-01-13,1,SUPER DENMAN,0.0,20.0,24,-5,24.0,1,19.0,17.0,8,3
320,2019-01-13,2,BOY NEXT DOOR,0.0,8.5625,20,-5,20.0,1,15.0,32.0,9,4
343,2019-01-13,4,SUCCESS COME TRUE,-1.5,7.0625,19,-5,0.5,0,-4.5,27.5,10,4
356,2019-01-13,6,PAPARAZZI,-2.0,16.1875,18,-5,0.5,0,-4.5,23.0,11,4
391,2019-01-13,9,CLASSIFIED,0.0,12.125,17,-5,17.0,1,12.0,35.0,12,5
5,2019-01-18,1,EVERYBODY HAPPY,-2.3,10.687500000000002,13,-5,0.5,0,-4.5,30.5,13,5
23,2019-01-18,3,NO FUN NO GAIN,0.0,14.5625,17,-5,17.0,1,12.0,42.5,14,6
35,2019-01-18,4,SACRED DON,-1.0,13.375,16,-5,0.5,0,-4.5,38.0,15,6
68,2019-01-18,7,BE BEE,0.0,9.6875,16,-5,16.0,1,11.0,49.0,16,7
85,2019-01-18,8,MACH,-4.0,14.25,25,-5,0.5,0,-4.5,44.5,17,7
141,2019-01-20,6,MAJESTIC EMPRESS,-1.0,19.75,27,-5,0.5,0,-4.5,40.0,18,7
168,2019-01-20,9,NIMBLE,0.0,13.4375,15,-5,15.0,1,10.0,50.0,19,8
218,2019-01-25,4,ELENA OF AVALOR,-2.3,19.142857142857146,26,-5,0.5,0,-4.5,45.5,20,8
259,2019-01-25,8,LUCKY HADA,-1.5,22.666666666666668,25,-5,0.5,0,-4.5,41.0,21,8
47,2019-02-01,4,SALAMENCE,-8.7,17.1875,25,-5,0.5,0,-4.5,36.5,22,8
117,2019-02-03,2,COLOUR PAINT,-5.2,14.8125,25,-5,0.5,0,-4.5,32.0,23,8
134,2019-02-03,4,SACRED CROIX,0.0,6.624999999999999,19,-5,19.0,1,14.0,46.0,24,9
156,2019-02-03,6,EASTIGER,0.0,8.3125,17,-5,17.0,1,12.0,58.0,25,10
188,2019-02-03,8,IMPERIAL FALLS,-13.7,20.538461538461537,22,-5,0.5,0,-4.5,53.5,26,10
215,2019-02-06,2,JUPITER DRAGON,-2.7,16.0625,19,-5,0.5,0,-4.5,49.0,27,10
225,2019-02-06,3,IRVING LIPSCHITZ,0.0,7.125,21,-5,21.0,1,16.0,65.0,28,11
235,2019-02-06,4,ACCUMULATION,-6.5,11.1875,19,-5,0.5,0,-4.5,60.5,29,11
254,2019-02-06,6,QUARTER BACK,0.0,14.0,22,-5,22.0,1,17.0,77.5,30,12
261,2019-02-06,6,EYE GUY,-5.1,20.363636363636363,21,-5,0.5,0,-4.5,73.0,31,12
269,2019-02-06,7,BEBOP,-0.5,16.0625,21,-5,0.5,0,-4.5,68.5,32,12
282,2019-02-06,8,MISTER YEOH,-1.7,17.6875,21,-5,0.5,0,-4.5,64.0,33,12
342,2019-02-08,4,SACRED DON,0.0,14.1875,15,-5,15.0,1,10.0,74.0,34,13
3,2019-02-15,1,RUN THE DAY,-1.6,7.5625,20,-5,0.5,0,-4.5,69.5,35,13
107,2019-02-17,2,TOOSBIES,0.0,13.874999999999998,17,-5,17.0,1,12.0,81.5,36,14
131,2019-02-17,4,ELENA OF AVALOR,-0.5,11.0,15,-5,0.5,0,-4.5,77.0,37,14
152,2019-02-17,6,NADEEM SAPPHIRE,-2.1,18.25,25,-5,0.5,0,-4.5,72.5,38,14
161,2019-02-17,7,BE BEE,-0.5,9.375,18,-5,0.5,0,-4.5,68.0,39,14
243,2019-02-22,4,RUN THE DAY,-9.5,7.5625,20,-5,0.5,0,-4.5,63.5,40,14
14,2019-03-01,2,GALVARINO,0.0,5.6875,15,-5,15.0,1,10.0,73.5,41,15
27,2019-03-01,3,SALVADOR,-0.8,13.0625,15,-5,0.5,0,-4.5,69.0,42,15
75,2019-03-01,7,GLASGOW,0.0,20.187499999999996,27,-5,27.0,1,22.0,91.0,43,16
137,2019-03-03,3,NORTHERN SUN,-14.0,14.499999999999998,25,-5,0.5,0,-4.5,86.5,44,16
165,2019-03-03,6,KEEP WINNING,0.0,24.375,27,-5,27.0,1,22.0,108.5,45,17
176,2019-03-03,7,ELITE POWER,0.0,14.499999999999998,15,-5,15.0,1,10.0,118.5,46,18
177,2019-03-03,7,MOKASTAR,-1.0,23.200000000000003,24,-5,0.5,0,-4.5,114.0,47,18
193,2019-03-03,8,IRVING LIPSCHITZ,-3.9,8.3125,17,-5,0.5,0,-4.5,109.5,48,18
281,2019-03-08,7,QUARTER BACK,0.0,9.625000000000002,17,-5,17.0,1,12.0,121.5,49,19
316,2019-03-10,2,VITTORIA PERFETTA,0.0,20.6875,26,-5,26.0,1,21.0,142.5,50,20
321,2019-03-10,2,SUPER WIN,-3.7,20.6875,26,-5,0.5,0,-4.5,138.0,51,20
367,2019-03-10,6,CRACKING TOTTIE,-3.2,18.25,25,-5,0.5,0,-4.5,133.5,52,20
379,2019-03-10,7,MACH,-6.4,14.25,20,-5,0.5,0,-4.5,129.0,53,20
386,2019-03-10,8,DEBT COLLECTOR,0.0,10.8125,22,-5,22.0,1,17.0,146.0,54,21
24,2019-03-15,3,FIRE AWAY,0.0,6.624999999999999,12,-5,12.0,1,7.0,153.0,55,22
45,2019-03-15,5,SUPER SIX,0.0,20.6875,21,-5,21.0,1,16.0,169.0,56,23
102,2019-03-17,1,INVINCIBLE MAN,-4.5,21.625,22,-5,0.5,0,-4.5,164.5,57,23
121,2019-03-17,3,GALVARINO,0.0,6.125,7,-5,7.0,1,2.0,166.5,58,24
190,2019-03-17,8,BE BEE,-3.8,10.3125,16,-5,0.5,0,-4.5,162.0,59,24
197,2019-03-17,9,NIMBLE,0.0,16.75,26,-5,26.0,1,21.0,183.0,60,25
278,2019-03-22,7,MOKASTAR,-2.3,22.333333333333332,24,-5,0.5,0,-4.5,178.5,61,25
39,2019-04-05,4,PAPERBACK TROOPER,-0.8,16.6875,23,-5,0.5,0,-4.5,174.0,62,25
100,2019-04-05,8,SOUTHERN SPUR,-4.5,13.75,18,-5,0.5,0,-4.5,169.5,63,25
112,2019-04-07,1,TUN O'REILLY,-6.4,13.625,25,-5,0.5,0,-4.5,165.0,64,25
123,2019-04-07,2,YULONG EXPRESS,-2.1,21.000000000000004,27,-5,0.5,0,-4.5,160.5,65,25
183,2019-04-07,7,ARAMCO,0.0,12.5,20,-5,20.0,1,15.0,175.5,66,26
206,2019-04-07,8,ELITE CONQUEST,-2.5,12.5,26,-5,0.5,0,-4.5,171.0,67,26
221,2019-04-07,10,IRONSIDE,0.0,24.4375,26,-5,26.0,1,21.0,192.0,68,27
269,2019-04-12,4,LIM'S KNIGHT,-0.5,10.9375,15,-5,0.5,0,-4.5,187.5,69,27
327,2019-04-14,1,OPTIMUM STAR,0.0,21.857142857142858,22,-5,22.0,1,17.0,204.5,70,28
341,2019-04-14,2,YULONG EXPRESS,-1.5,7.9375,15,-5,0.5,0,-4.5,200.0,71,28
370,2019-04-14,4,COLOUR PAINT,-5.0,11.375,16,-5,0.5,0,-4.5,195.5,72,28
373,2019-04-14,5,OTTAWA,0.0,17.3125,21,-5,21.0,1,16.0,211.5,73,29
398,2019-04-14,7,MO ALMIGHTY,-3.0,7.75,9,-5,0.5,0,-4.5,207.0,74,29
425,2019-04-14,9,SILENT FORCE,-5.7,10.4375,22,-5,0.5,0,-4.5,202.5,75,29
13,2019-04-19,2,STAGESHOW,-8.6,12.999999999999998,27,-5,0.5,0,-4.5,198.0,76,29
23,2019-04-19,3,YULONG FAST STEED,-1.3,19.76923076923077,24,-5,0.5,0,-4.5,193.5,77,29
25,2019-04-19,3,FIRST CHOICE,-5.3,16.0625,21,-5,0.5,0,-4.5,189.0,78,29
41,2019-04-19,5,RED DAWN,0.0,10.625000000000002,25,-5,25.0,1,20.0,209.0,79,30
54,2019-04-19,6,ELITE POWER,-1.4,20.937500000000004,23,-5,0.5,0,-4.5,204.5,80,30
72,2019-04-19,8,BEBOP,-5.9,15.75,23,-5,0.5,0,-4.5,200.0,81,30
104,2019-04-21,2,LIM'S PASSION,-2.6,13.125,15,-5,0.5,0,-4.5,195.5,82,30
155,2019-04-21,6,VENUS DE MILO,-10.7,14.1875,26,-5,0.5,0,-4.5,191.0,83,30
170,2019-04-21,8,NOWYOUSEE,-3.0,16.875,17,-5,0.5,0,-4.5,186.5,84,30
180,2019-04-21,9,FULIFE KING,-1.1,15.125,21,-5,0.5,0,-4.5,182.0,85,30
250,2019-04-26,6,AUGUSTUS,0.0,17.0,23,-5,23.0,1,18.0,200.0,86,31
267,2019-04-26,7,GRATUS,-4.5,12.9375,18,-5,0.5,0,-4.5,195.5,87,31
272,2019-04-26,8,SACRED REBEL,0.0,9.5625,19,-5,19.0,1,14.0,209.5,88,32
287,2019-04-26,9,BARTIMAEUS,-2.3,17.25,25,-5,0.5,0,-4.5,205.0,89,32
14,2019-05-03,2,LIM'S PASSION,0.0,11.375,18,-5,18.0,1,13.0,218.0,90,33
47,2019-05-03,4,AABIR,-3.1,7.500000000000002,20,-5,0.5,0,-4.5,213.5,91,33
53,2019-05-03,5,SUPER SIX,0.0,18.400000000000002,26,-5,26.0,1,21.0,234.5,92,34
55,2019-05-03,5,YULONG FAST STEED,-3.8,11.5,20,-5,0.5,0,-4.5,230.0,93,34
134,2019-05-05,2,JULIUS CAESAR,-1.4,15.125,22,-5,0.5,0,-4.5,225.5,94,34
150,2019-05-05,3,JUPITER DRAGON,-7.8,11.812499999999998,18,-5,0.5,0,-4.5,221.0,95,34
157,2019-05-05,4,SIAM ROYAL ORCHID,-0.6,10.125,17,-5,0.5,0,-4.5,216.5,96,34
169,2019-05-05,5,SUPER WIN,0.0,13.625,19,-5,19.0,1,14.0,230.5,97,35
234,2019-05-05,10,FAME STAR,-2.8,15.8125,16,-5,0.5,0,-4.5,226.0,98,35
248,2019-05-10,1,PAPERBACK TROOPER,-1.5,9.875,22,-5,0.5,0,-4.5,221.5,99,35
287,2019-05-10,4,PRIME TIME,-4.9,9.5625,11,-5,0.5,0,-4.5,217.0,100,35
297,2019-05-10,5,WHITE TRUFFLE,-0.6,7.0625,11,-5,0.5,0,-4.5,212.5,101,35
363,2019-05-12,2,PAKATAN WARRIOR,-6.3,7.375000000000002,24,-5,0.5,0,-4.5,208.0,102,35
368,2019-05-12,3,CIRCUIT MISSION,0.0,13.874999999999998,19,-5,19.0,1,14.0,222.0,103,36
407,2019-05-12,6,NEO'S CLASSIC,-4.7,11.625000000000002,25,-5,0.5,0,-4.5,217.5,104,36
447,2019-05-12,10,LIM'S KNIGHT,-4.8,17.6875,23,-5,0.5,0,-4.5,213.0,105,36
1,2019-05-17,1,AABIR,-0.8,25.3,27,-5,0.5,0,-4.5,208.5,106,36
26,2019-05-17,3,WIND OF LIBERTY,-3.6,17.6875,22,-5,0.5,0,-4.5,204.0,107,36
34,2019-05-17,4,CLARTON STAR,0.0,16.4375,19,-5,19.0,1,14.0,218.0,108,37
45,2019-05-17,5,WELL DESERVED,0.0,14.499999999999998,26,-5,26.0,1,21.0,239.0,109,38
64,2019-05-17,7,IMPLEMENT,-0.5,8.5,27,-5,0.5,0,-4.5,234.5,110,38
111,2019-05-19,3,BIG HEARTED,0.0,5.6875,10,-5,10.0,1,5.0,239.5,111,39
159,2019-05-19,7,SUGARTIME JAZZ,-0.5,16.5625,24,-5,0.5,0,-4.5,235.0,112,39
257,2019-05-25,5,BIRAZ,0.0,16.125,20,-5,20.0,1,15.0,250.0,113,40
274,2019-05-25,6,LIM'S KNIGHT,-2.7,14.0,19,-5,0.5,0,-4.5,245.5,114,40
321,2019-05-25,10,ELITE POWER,0.0,13.8125,21,-5,21.0,1,16.0,261.5,115,41
330,2019-05-31,1,ONE WORLD,0.0,7.5625,12,-5,12.0,1,7.0,268.5,116,42
367,2019-05-31,4,RAPIDASH,-2.5,5.75,20,-5,0.5,0,-4.5,264.0,117,42
396,2019-05-31,6,VENUS DE MILO,-6.7,14.25,19,-5,0.5,0,-4.5,259.5,118,42
431,2019-06-01,1,SCORPIO,-4.4,16.599999999999998,26,-5,0.5,0,-4.5,255.0,119,42
474,2019-06-01,5,WIJAYA,-1.5,11.5,16,-5,0.5,0,-4.5,250.5,120,42
519,2019-06-01,9,AUGUSTUS,-0.5,12.5625,18,-5,0.5,0,-4.5,246.0,121,42
533,2019-06-01,10,JULIUS CAESAR,-7.6,15.125,22,-5,0.5,0,-4.5,241.5,122,42
42,2019-06-07,4,GEB WARRIOR,-0.3,15.875,22,-5,0.5,0,-4.5,237.0,123,42
44,2019-06-07,4,WHITE TRUFFLE,-2.1,19.53846153846154,22,-5,0.5,0,-4.5,232.5,124,42
75,2019-06-07,7,AUGUSTANO,0.0,21.92857142857143,27,-5,27.0,1,22.0,254.5,125,43
87,2019-06-07,8,LIM'S KNIGHT,0.0,16.6875,24,-5,24.0,1,19.0,273.5,126,44
104,2019-06-09,1,PEGASUS JUNIOR,-3.6,20.3125,27,-5,0.5,0,-4.5,269.0,127,44
111,2019-06-09,2,VULCAN,0.0,5.75,8,-5,8.0,1,3.0,272.0,128,45
125,2019-06-09,3,ADMIRAL WINSTON,-2.8,6.1875,18,-5,0.5,0,-4.5,267.5,129,45
135,2019-06-09,4,FEDERATION,0.0,9.5625,13,-5,13.0,1,8.0,275.5,130,46
148,2019-06-09,5,IMPLEMENT,-1.8,6.5625,23,-5,0.5,0,-4.5,271.0,131,46
160,2019-06-09,6,SPECIAL RAIN,0.0,17.8125,23,-5,23.0,1,18.0,289.0,132,47
238,2019-06-14,2,FOREVER WIN,-2.3,10.4375,13,-5,0.5,0,-4.5,284.5,133,47
253,2019-06-14,3,SMILING PROUD,-7.4,18.8125,22,-5,0.5,0,-4.5,280.0,134,47
314,2019-06-14,8,JULIUS CAESAR,-6.9,22.25,23,-5,0.5,0,-4.5,275.5,135,47
336,2019-06-15,2,ON LINE,-1.1,6.6875,10,-5,0.5,0,-4.5,271.0,136,47
346,2019-06-15,3,COUSTEAU,-2.6,22.25,23,-5,0.5,0,-4.5,266.5,137,47
392,2019-06-15,7,WIND TRAIL,-1.0,13.5625,27,-5,0.5,0,-4.5,262.0,138,47
420,2019-06-15,9,DRAGON DUKE,-1.6,12.3125,27,-5,0.5,0,-4.5,257.5,139,47
11,2019-06-21,2,CHARMING DIAMOND,0.0,5.9375,12,-5,12.0,1,7.0,264.5,140,48
25,2019-06-21,3,BOOM SHAKALAKA,-0.3,13.5625,21,-5,0.5,0,-4.5,260.0,141,48
95,2019-06-28,1,ONE WORLD,-4.1,11.25,22,-5,0.5,0,-4.5,255.5,142,48
105,2019-06-28,2,AMAZING CHOICE,-1.5,16.666666666666668,19,-5,0.5,0,-4.5,251.0,143,48
142,2019-06-28,5,IMPLEMENT,-1.1,12.9375,20,-5,0.5,0,-4.5,246.5,144,48
163,2019-06-28,7,THREEANDFOURPENCE,0.0,18.0,23,-5,23.0,1,18.0,264.5,145,49
186,2019-06-30,1,GENTLEMEN AGREEMENT,0.0,12.999999999999998,14,-5,14.0,1,9.0,273.5,146,50
203,2019-06-30,2,LIM'S TORPEDO,-1.2,5.812500000000001,24,-5,0.5,0,-4.5,269.0,147,50
221,2019-06-30,3,OTTAWA,-5.9,16.375,18,-5,0.5,0,-4.5,264.5,148,50
226,2019-06-30,4,ADIPSON,-0.8,9.0625,12,-5,0.5,0,-4.5,260.0,149,50
239,2019-06-30,5,ATHLETICA,-0.4,17.0,19,-5,0.5,0,-4.5,255.5,150,50
25,2019-07-05,3,VULCAN,-5.5,13.499999999999998,18,-5,0.5,0,-4.5,251.0,151,50
40,2019-07-05,4,PACIFIC MYSTICAL,-5.6,7.375000000000002,13,-5,0.5,0,-4.5,246.5,152,50
46,2019-07-05,5,EASY DOES IT,0.0,13.5625,22,-5,22.0,1,17.0,263.5,153,51
71,2019-07-05,7,REVOLUTION,-0.7,18.1875,20,-5,0.5,0,-4.5,259.0,154,51
81,2019-07-05,8,SURPASS NATURAL,0.0,5.812500000000001,12,-5,12.0,1,7.0,266.0,155,52
96,2019-07-05,9,TURF PRINCESS,-0.5,20.0625,24,-5,0.5,0,-4.5,261.5,156,52
124,2019-07-07,2,STORMY VIEW,-7.8,6.125,8,-5,0.5,0,-4.5,257.0,157,52
137,2019-07-07,4,ROCKET STAR,-2.0,9.3125,10,-5,0.5,0,-4.5,252.5,158,52
141,2019-07-07,4,ADMIRAL WINSTON,-5.2,13.545454545454545,20,-5,0.5,0,-4.5,248.0,159,52
161,2019-07-07,6,CHOCANTE,-2.3,12.6875,16,-5,0.5,0,-4.5,243.5,160,52
207,2019-07-07,9,LORD O'REILLY,-10.9,13.499999999999998,27,-5,0.5,0,-4.5,239.0,161,52
233,2019-07-12,2,AMAZING CHOICE,0.0,8.25,10,-5,10.0,1,5.0,244.0,162,53
358,2019-07-19,3,MR BACHARACH,-3.6,11.5625,20,-5,0.5,0,-4.5,239.5,163,53
368,2019-07-19,4,RIVER RADIANCE,0.0,5.625,7,-5,7.0,1,2.0,241.5,164,54
383,2019-07-19,5,BIG HEARTED,-2.6,9.125,16,-5,0.5,0,-4.5,237.0,165,54
554,2019-07-21,10,IRVING LIPSCHITZ,0.0,15.8125,24,-5,24.0,1,19.0,256.0,166,55
